 iteration, iteration_ionic, iteration_electronic
        26         1        26
 Ionic System
  (natm)
         2
  (pos)
 -0.4167156562884369D+00  0.1041442068185343D+00  0.4999942907384219D+00
 -0.8034717783738629D-01  0.4404388615949175D+00  0.5000097752408250D+00
  (cps)
 -0.2190028388017565D+01 -0.2276348680219169D+01  0.1417277646490286D+02
 -0.2189717986017562D+01  0.2622421946948429D+01  0.1417321538669716D+02
  (cpd)
  0.0000000000000000D+00  0.0000000000000000D+00  0.0000000000000000D+00
  0.0000000000000000D+00  0.0000000000000000D+00  0.0000000000000000D+00
  (cpo(  1))
  0.0000000000000000D+00  0.0000000000000000D+00  0.0000000000000000D+00
  0.0000000000000000D+00  0.0000000000000000D+00  0.0000000000000000D+00
  (cpo(  2))
  0.0000000000000000D+00  0.0000000000000000D+00  0.0000000000000000D+00
  0.0000000000000000D+00  0.0000000000000000D+00  0.0000000000000000D+00
  (cpo(  3))
  0.0000000000000000D+00  0.0000000000000000D+00  0.0000000000000000D+00
  0.0000000000000000D+00  0.0000000000000000D+00  0.0000000000000000D+00
 forcmx_constraint_quench
  0.1000000000000000D+03
 Ionic System Attributes
       1       1       1       1       1       0       0       1       1       1       1
       1       1       2       1       1       0       0       1       1       1       1
 Total Energy
 -0.7192684556074663D+02 -0.7192684556074663D+02
 isolver
         5
convergence
         2
edelta_ontheway
  0.1000000000000000D-08
dtim_previous
 -0.1000000000000000D+01
corecharge_cntnbin
       0
neg
        16
 curr_atom_reservoir
       1
